# Im(w)=  0.1000000E-01 Ry
# Re(w) (Ry)      lambda         e1             e2          n              k              R         alpha (cm^-1)
  0.5000000E-01  0.1822534E+04  0.1490849E+02  0.2177074E+00  0.3861254E+01  0.2819128E-01  0.3464526E+00  0.1943789E+04
  0.6565657E-01  0.1387930E+04  0.1531315E+02  0.3066850E+00  0.3913398E+01  0.3918398E-01  0.3516306E+00  0.3547733E+04
  0.8131313E-01  0.1120689E+04  0.1587069E+02  0.4174969E+00  0.3984148E+01  0.5239476E-01  0.3585459E+00  0.5875066E+04
  0.9696970E-01  0.9397441E+03  0.1662330E+02  0.5636082E+00  0.4077753E+01  0.6910768E-01  0.3675047E+00  0.9241162E+04
  0.1126263E+00  0.8091071E+03  0.1763991E+02  0.7694560E+00  0.4200988E+01  0.9158037E-01  0.3789807E+00  0.1422349E+05
  0.1282828E+00  0.7103578E+03  0.1903941E+02  0.1084980E+01  0.4365186E+01  0.1242765E+00  0.3937382E+00  0.2198476E+05
  0.1439394E+00  0.6330908E+03  0.2104611E+02  0.1630236E+01  0.4591038E+01  0.1775454E+00  0.4131214E+00  0.3524142E+05
  0.1595960E+00  0.5709838E+03  0.2413755E+02  0.2773069E+01  0.4921071E+01  0.2817546E+00  0.4398081E+00  0.6200935E+05
  0.1752525E+00  0.5199737E+03  0.2938458E+02  0.6176272E+01  0.5450286E+01  0.5666007E+00  0.4800242E+00  0.1369322E+06
  0.1909091E+00  0.4773304E+03  0.3223360E+02  0.2152570E+02  0.5957931E+01  0.1806474E+01  0.5388255E+00  0.4755789E+06
  0.2065657E+00  0.4411513E+03  0.1401544E+02  0.1721107E+02  0.4255069E+01  0.2022419E+01  0.4631832E+00  0.5760942E+06
  0.2222222E+00  0.4100702E+03  0.2506453E+02  0.1163928E+02  0.5133211E+01  0.1133723E+01  0.4721852E+00  0.3474232E+06
  0.2378788E+00  0.3830804E+03  0.3806911E+02  0.2624162E+02  0.6492547E+01  0.2020903E+01  0.5687613E+00  0.6629265E+06
  0.2535354E+00  0.3594241E+03  0.1954581E+02  0.6294921E+02  0.6536808E+01  0.4814981E+01  0.6731086E+00  0.1683439E+07
  0.2691919E+00  0.3385195E+03 -0.1923432E+02  0.5185247E+02  0.4246801E+01  0.6104886E+01  0.7378459E+00  0.2266229E+07
  0.2848485E+00  0.3199129E+03 -0.2334137E+02  0.1738698E+02  0.1697655E+01  0.5120879E+01  0.7972994E+00  0.2011512E+07
  0.3005051E+00  0.3032452E+03 -0.1204692E+02  0.8367646E+01  0.1144755E+01  0.3654776E+01  0.7450059E+00  0.1514526E+07
  0.3161616E+00  0.2882282E+03 -0.3420425E+01  0.7866493E+01  0.1605851E+01  0.2449323E+01  0.4977651E+00  0.1067872E+07
  0.3318182E+00  0.2746284E+03 -0.2059065E+01  0.1255324E+02  0.2308887E+01  0.2718460E+01  0.4963919E+00  0.1243905E+07
  0.3474747E+00  0.2622542E+03 -0.2469872E+01  0.1317468E+02  0.2338196E+01  0.2817274E+01  0.5098272E+00  0.1349947E+07
  0.3631313E+00  0.2509470E+03 -0.5007169E+01  0.1170500E+02  0.1965178E+01  0.2978103E+01  0.5549207E+00  0.1491309E+07
  0.3787879E+00  0.2405745E+03 -0.1493440E+01  0.9202977E+01  0.1978627E+01  0.2325597E+01  0.4457869E+00  0.1214772E+07
  0.3944444E+00  0.2310254E+03 -0.3058495E+01  0.1580291E+02  0.2553201E+01  0.3094726E+01  0.5400170E+00  0.1683342E+07
  0.4101010E+00  0.2222055E+03 -0.8334110E+01  0.1172266E+02  0.1739131E+01  0.3370265E+01  0.6311791E+00  0.1905983E+07
  0.4257576E+00  0.2140343E+03 -0.8675575E+01  0.9701571E+01  0.1472967E+01  0.3293206E+01  0.6526179E+00  0.1933506E+07
  0.4414141E+00  0.2064426E+03 -0.7961946E+01  0.8354418E+01  0.1337685E+01  0.3122715E+01  0.6483505E+00  0.1900828E+07
  0.4570707E+00  0.1993711E+03 -0.9560188E+01  0.6515939E+01  0.1002340E+01  0.3250365E+01  0.7249010E+00  0.2048706E+07
  0.4727273E+00  0.1927680E+03 -0.8647554E+01  0.3791506E+01  0.6303476E+00  0.3007473E+01  0.7845504E+00  0.1960544E+07
  0.4883838E+00  0.1865883E+03 -0.6398798E+01  0.2026277E+01  0.3957035E+00  0.2560348E+01  0.8138603E+00  0.1724346E+07
  0.5040404E+00  0.1807925E+03 -0.5007391E+01  0.2658644E+01  0.5753398E+00  0.2310499E+01  0.7057124E+00  0.1605963E+07
  0.5196970E+00  0.1753458E+03 -0.4410204E+01  0.1935347E+01  0.4505348E+00  0.2147833E+01  0.7317142E+00  0.1539270E+07
  0.5353535E+00  0.1702178E+03 -0.4001514E+01  0.2530697E+01  0.6054325E+00  0.2089991E+01  0.6513227E+00  0.1542941E+07
  0.5510101E+00  0.1653812E+03 -0.3652861E+01  0.2176074E+01  0.5472857E+00  0.1988060E+01  0.6550616E+00  0.1510613E+07
  0.5666667E+00  0.1608118E+03 -0.3423913E+01  0.1773389E+01  0.4647597E+00  0.1907856E+01  0.6786692E+00  0.1490862E+07
  0.5823232E+00  0.1564882E+03 -0.2936934E+01  0.1695152E+01  0.4764983E+00  0.1778759E+01  0.6433417E+00  0.1428386E+07
  0.5979798E+00  0.1523909E+03 -0.2055034E+01  0.1923407E+01  0.6163148E+00  0.1560410E+01  0.5115737E+00  0.1286736E+07
  0.6136364E+00  0.1485028E+03 -0.2796682E+01  0.2674647E+01  0.7324937E+00  0.1825713E+01  0.5374768E+00  0.1544927E+07
  0.6292929E+00  0.1448081E+03 -0.2967832E+01  0.2053130E+01  0.5661089E+00  0.1813370E+01  0.6055683E+00  0.1573633E+07
  0.6449495E+00  0.1412928E+03 -0.2869536E+01  0.1541756E+01  0.4404289E+00  0.1750290E+01  0.6571436E+00  0.1556682E+07
  0.6606061E+00  0.1379441E+03 -0.2539028E+01  0.1126282E+01  0.3453927E+00  0.1630437E+01  0.6908134E+00  0.1485288E+07
  0.6762626E+00  0.1347505E+03 -0.1788065E+01  0.1351931E+01  0.4762155E+00  0.1419453E+01  0.5458189E+00  0.1323733E+07
  0.6919192E+00  0.1317014E+03 -0.1946933E+01  0.1654267E+01  0.5513145E+00  0.1500293E+01  0.5265103E+00  0.1431515E+07
  0.7075758E+00  0.1287872E+03 -0.2482771E+01  0.1654164E+01  0.5002922E+00  0.1653198E+01  0.5984765E+00  0.1613102E+07
  0.7232323E+00  0.1259992E+03 -0.2418562E+01  0.1006205E+01  0.3169852E+00  0.1587149E+01  0.7019059E+00  0.1582923E+07
  0.7388889E+00  0.1233294E+03 -0.2066803E+01  0.4997026E+00  0.1725544E+00  0.1447956E+01  0.8011738E+00  0.1475363E+07
  0.7545455E+00  0.1207703E+03 -0.1543979E+01  0.4561464E+00  0.1816198E+00  0.1255773E+01  0.7556567E+00  0.1306654E+07
  0.7702020E+00  0.1183153E+03 -0.1217750E+01  0.5214840E+00  0.2312591E+00  0.1127489E+01  0.6681163E+00  0.1197515E+07
  0.7858586E+00  0.1159581E+03 -0.9924361E+00  0.8426062E+00  0.3933527E+00  0.1071057E+01  0.4905738E+00  0.1160703E+07
  0.8015152E+00  0.1136931E+03 -0.1269120E+01  0.1135720E+01  0.4658180E+00  0.1219059E+01  0.4873697E+00  0.1347413E+07
  0.8171717E+00  0.1115148E+03 -0.1372368E+01  0.8332180E+00  0.3414213E+00  0.1220220E+01  0.5846895E+00  0.1375041E+07
  0.8328283E+00  0.1094184E+03 -0.1177345E+01  0.5798983E+00  0.2598714E+00  0.1115741E+01  0.6329699E+00  0.1281395E+07
  0.8484848E+00  0.1073993E+03 -0.1155283E+01  0.6977140E+00  0.3117214E+00  0.1119131E+01  0.5806062E+00  0.1309451E+07
  0.8641414E+00  0.1054535E+03 -0.1149314E+01  0.5960707E+00  0.2696074E+00  0.1105442E+01  0.6194547E+00  0.1317301E+07
  0.8797980E+00  0.1035769E+03 -0.1020812E+01  0.4604493E+00  0.2225320E+00  0.1034569E+01  0.6529604E+00  0.1255182E+07
  0.8954545E+00  0.1017659E+03 -0.8615615E+00  0.4162079E+00  0.2182489E+00  0.9535167E+00  0.6352372E+00  0.1177433E+07
  0.9111111E+00  0.1000171E+03 -0.8020240E+00  0.4261134E+00  0.2304011E+00  0.9247209E+00  0.6109725E+00  0.1161840E+07
  0.9267677E+00  0.9832745E+02 -0.7471510E+00  0.4185815E+00  0.2337339E+00  0.8954231E+00  0.5976837E+00  0.1144362E+07
  0.9424242E+00  0.9669393E+02 -0.7208592E+00  0.2888608E+00  0.1669163E+00  0.8652862E+00  0.6836330E+00  0.1124528E+07
  0.9580808E+00  0.9511380E+02 -0.5695281E+00  0.2851356E+00  0.1835619E+00  0.7766744E+00  0.6336167E+00  0.1026137E+07
  0.9737374E+00  0.9358448E+02 -0.4743914E+00  0.2962178E+00  0.2060181E+00  0.7189122E+00  0.5819681E+00  0.9653436E+06
  0.9893939E+00  0.9210356E+02 -0.4235966E+00  0.3154696E+00  0.2286541E+00  0.6898400E+00  0.5393451E+00  0.9411998E+06
  0.1005051E+01  0.9066878E+02 -0.3533508E+00  0.3407838E+00  0.2622565E+00  0.6497148E+00  0.4795003E+00  0.9004816E+06
  0.1020707E+01  0.8927802E+02 -0.4016650E+00  0.2837379E+00  0.2122608E+00  0.6683709E+00  0.5569352E+00  0.9407687E+06
  0.1036364E+01  0.8792928E+02 -0.2800295E+00  0.2314959E+00  0.2040809E+00  0.5671671E+00  0.5391880E+00  0.8105641E+06
  0.1052020E+01  0.8662068E+02 -0.1447818E+00  0.2481166E+00  0.2669152E+00  0.4647855E+00  0.4137275E+00  0.6742808E+06
  0.1067677E+01  0.8535046E+02 -0.6115055E-01  0.3488998E+00  0.3827973E+00  0.4557240E+00  0.2776771E+00  0.6709743E+06
  0.1083333E+01  0.8411696E+02 -0.7701500E-01  0.4488101E+00  0.4349454E+00  0.5159384E+00  0.2517908E+00  0.7707689E+06
  0.1098990E+01  0.8291860E+02 -0.1632755E+00  0.5057424E+00  0.4290512E+00  0.5893729E+00  0.2817868E+00  0.8931987E+06
  0.1114646E+01  0.8175391E+02 -0.2662551E+00  0.4508608E+00  0.3587162E+00  0.6284365E+00  0.3597332E+00  0.9659681E+06
  0.1130303E+01  0.8062148E+02 -0.2469116E+00  0.3000031E+00  0.2661141E+00  0.5636739E+00  0.4458188E+00  0.8785916E+06
  0.1145960E+01  0.7952000E+02 -0.1348547E+00  0.2739301E+00  0.2919508E+00  0.4691375E+00  0.3818619E+00  0.7413676E+06
  0.1161616E+01  0.7844821E+02 -0.1860648E+00  0.3296724E+00  0.3102341E+00  0.5313285E+00  0.3792287E+00  0.8511183E+06
  0.1177273E+01  0.7740492E+02 -0.1211485E+00  0.2122731E+00  0.2482566E+00  0.4275276E+00  0.4295982E+00  0.6940735E+06
  0.1192929E+01  0.7638902E+02 -0.9516056E-01  0.2593741E+00  0.3009311E+00  0.4309526E+00  0.3590876E+00  0.7089382E+06
  0.1208586E+01  0.7539945E+02 -0.8447167E-01  0.1847785E+00  0.2436182E+00  0.3792380E+00  0.4235280E+00  0.6320531E+06
  0.1224242E+01  0.7443518E+02 -0.6570093E-02  0.1419305E+00  0.2603002E+00  0.2726285E+00  0.3737826E+00  0.4602596E+06
  0.1239899E+01  0.7349527E+02  0.7185814E-01  0.1690131E+00  0.3574302E+00  0.2364281E+00  0.2469267E+00  0.4042496E+06
  0.1255556E+01  0.7257879E+02  0.7533985E-01  0.2017581E+00  0.3812517E+00  0.2645997E+00  0.2289648E+00  0.4581307E+06
  0.1271212E+01  0.7168489E+02  0.6671412E-01  0.2171834E+00  0.3833492E+00  0.2832710E+00  0.2309551E+00  0.4965745E+06
  0.1286869E+01  0.7081275E+02  0.8602671E-01  0.1771412E+00  0.3761330E+00  0.2354768E+00  0.2281251E+00  0.4178751E+06
  0.1302525E+01  0.6996156E+02  0.8353779E-01  0.1684611E+00  0.3684930E+00  0.2285811E+00  0.2343091E+00  0.4105732E+06
  0.1318182E+01  0.6913060E+02  0.1408121E+00  0.1596796E+00  0.4205414E+00  0.1898500E+00  0.1810217E+00  0.3451040E+06
  0.1333838E+01  0.6831915E+02  0.1387413E+00  0.1492709E+00  0.4138434E+00  0.1803471E+00  0.1851384E+00  0.3317237E+06
  0.1349495E+01  0.6752653E+02  0.1652338E+00  0.1466700E+00  0.4394163E+00  0.1668918E+00  0.1629257E+00  0.3105779E+06
  0.1365152E+01  0.6675208E+02  0.1909312E+00  0.1322770E+00  0.4600037E+00  0.1437782E+00  0.1450870E+00  0.2706687E+06
  0.1380808E+01  0.6599520E+02  0.1923689E+00  0.1447614E+00  0.4653607E+00  0.1555367E+00  0.1427744E+00  0.2961628E+06
  0.1396465E+01  0.6525529E+02  0.2027473E+00  0.1051451E+00  0.4642936E+00  0.1132312E+00  0.1389920E+00  0.2180521E+06
  0.1412121E+01  0.6453179E+02  0.2317282E+00  0.1060398E+00  0.4932374E+00  0.1074936E+00  0.1197348E+00  0.2093240E+06
  0.1427778E+01  0.6382415E+02  0.2445659E+00  0.1125689E+00  0.5068506E+00  0.1110474E+00  0.1119298E+00  0.2186419E+06
  0.1443434E+01  0.6313187E+02  0.2526700E+00  0.8839756E-01  0.5100769E+00  0.8665120E-01  0.1081950E+00  0.1724788E+06
  0.1459091E+01  0.6245444E+02  0.2887291E+00  0.6743909E-01  0.5409388E+00  0.6233523E-01  0.9023916E-01  0.1254238E+06
  0.1474747E+01  0.6179140E+02  0.3057614E+00  0.7176526E-01  0.5567010E+00  0.6445584E-01  0.8266564E-01  0.1310823E+06
  0.1490404E+01  0.6114228E+02  0.3359089E+00  0.6911991E-01  0.5826043E+00  0.5931977E-01  0.7086404E-01  0.1219180E+06
  0.1506061E+01  0.6050667E+02  0.3494156E+00  0.7960021E-01  0.5948879E+00  0.6690353E-01  0.6616262E-01  0.1389491E+06
  0.1521717E+01  0.5988413E+02  0.3678049E+00  0.7553384E-01  0.6096251E+00  0.6195106E-01  0.6021066E-01  0.1300010E+06
  0.1537374E+01  0.5927427E+02  0.3721498E+00  0.7986677E-01  0.6135035E+00  0.6509072E-01  0.5891032E-01  0.1379948E+06
  0.1553030E+01  0.5867671E+02  0.3826652E+00  0.7531261E-01  0.6215590E+00  0.6058363E-01  0.5578468E-01  0.1297476E+06
  0.1568687E+01  0.5809107E+02  0.3982734E+00  0.6871250E-01  0.6334156E+00  0.5423967E-01  0.5141395E-01  0.1173323E+06
  0.1584343E+01  0.5751701E+02  0.3984518E+00  0.7841837E-01  0.6342503E+00  0.6181974E-01  0.5144498E-01  0.1350643E+06
  0.1600000E+01  0.5695419E+02  0.3978416E+00  0.5128116E-01  0.6320501E+00  0.4056732E-01  0.5141496E-01  0.8950772E+05
